Batchsize:,4_Timing(s),4_Loss,4_Accuracy,8_Timing(s),8_Loss,8_Accuracy,16_Timing(s),16_Loss,16_Accuracy,32_Timing(s),32_Loss,32_Accuracy,64_Timing(s),64_Loss,64_Accuracy
LearningRate:0.01000,109.349,1148.414,28.750,146.601,1003.351,37.750,226.422,991.962,38.457,380.816,1128.481,29.987,692.249,1100.617,31.715
LearningRate:0.00100,110.035,110.008,31.250,146.564,109.973,30.750,226.995,93.281,54.847,382.564,85.038,57.547,695.309,103.791,57.547
LearningRate:0.00010,109.428,106.331,46.250,147.073,88.394,55.750,227.387,80.094,61.224,383.357,79.765,62.500,703.100,81.868,62.666
LearningRate:0.00001,109.593,98.688,50.250,147.760,93.881,52.625,229.768,91.652,52.615,385.072,91.542,53.856,705.823,90.684,53.125,